              precision    recall  f1-score   support

           0       0.42      0.50      0.45        10
           1       0.00      0.00      0.00        10
           2       0.73      0.80      0.76        10
           3       1.00      0.90      0.95        10
           4       1.00      0.70      0.82        10
           5       1.00      0.40      0.57        10
           6       0.69      0.90      0.78        10
           7       1.00      0.90      0.95        10
           8       1.00      0.70      0.82        10
           9       0.80      0.40      0.53        10
           a       0.82      0.90      0.86        10
           b       0.73      0.80      0.76        10
           c       0.00      0.00      0.00        10
           d       0.80      0.80      0.80        10
           e       0.88      0.70      0.78        10
           f       0.80      0.80      0.80        10
           g       0.64      0.70      0.67        10
           h       0.90      0.90      0.90        10
           i       0.50      0.10      0.17        10
           j       0.60      0.60      0.60        10
           k       0.64      0.70      0.67        10
           l       0.19      0.40      0.26        10
           m       0.75      0.30      0.43        10
           n       0.75      0.60      0.67        10
           o       0.29      0.20      0.24        10
           p       0.57      0.40      0.47        10
           q       0.64      0.90      0.75        10
           r       0.88      0.70      0.78        10
           s       0.57      0.40      0.47        10
           t       0.91      1.00      0.95        10
           u       0.60      0.30      0.40        10
           v       0.20      0.10      0.13        10
           w       0.75      0.60      0.67        10
           x       0.50      0.30      0.37        10
           y       0.44      0.40      0.42        10
           z       0.86      0.60      0.71        10
           A       0.90      0.90      0.90        10
           B       1.00      1.00      1.00        10
           C       0.45      1.00      0.62        10
           D       0.56      1.00      0.71        10
           E       0.83      1.00      0.91        10
           F       0.80      0.80      0.80        10
           G       0.86      0.60      0.71        10
           H       0.83      1.00      0.91        10
           I       0.19      0.30      0.23        10
           J       0.75      0.60      0.67        10
           K       0.78      0.70      0.74        10
           L       0.75      0.90      0.82        10
           M       0.53      0.90      0.67        10
           N       0.90      0.90      0.90        10
           O       0.38      0.30      0.33        10
           P       0.60      0.90      0.72        10
           Q       0.67      0.80      0.73        10
           R       0.73      0.80      0.76        10
           S       0.57      0.80      0.67        10
           T       1.00      0.90      0.95        10
           U       0.45      0.90      0.60        10
           V       0.41      0.70      0.52        10
           W       0.62      0.50      0.56        10
           X       0.47      0.70      0.56        10
           Y       0.38      0.30      0.33        10
           Z       0.58      0.70      0.64        10

    accuracy                           0.65       620
   macro avg       0.66      0.65      0.63       620
weighted avg       0.66      0.65      0.63       620
