              precision    recall  f1-score   support

           0       0.40      0.20      0.27        10
           1       0.00      0.00      0.00        10
           2       0.67      0.80      0.73        10
           3       1.00      1.00      1.00        10
           4       1.00      0.40      0.57        10
           5       0.75      0.30      0.43        10
           6       0.71      1.00      0.83        10
           7       0.90      0.90      0.90        10
           8       0.90      0.90      0.90        10
           9       0.62      0.50      0.56        10
           a       0.70      0.70      0.70        10
           b       0.89      0.80      0.84        10
           c       0.00      0.00      0.00        10
           d       0.89      0.80      0.84        10
           e       0.90      0.90      0.90        10
           f       1.00      0.50      0.67        10
           g       0.64      0.70      0.67        10
           h       0.82      0.90      0.86        10
           i       1.00      0.20      0.33        10
           j       0.67      0.40      0.50        10
           k       0.57      0.40      0.47        10
           l       0.19      0.40      0.26        10
           m       0.00      0.00      0.00        10
           n       0.67      0.60      0.63        10
           o       0.25      0.20      0.22        10
           p       0.67      0.80      0.73        10
           q       0.64      0.70      0.67        10
           r       0.89      0.80      0.84        10
           s       0.00      0.00      0.00        10
           t       1.00      1.00      1.00        10
           u       0.50      0.50      0.50        10
           v       0.25      0.10      0.14        10
           w       0.83      0.50      0.62        10
           x       0.43      0.60      0.50        10
           y       0.50      0.30      0.37        10
           z       1.00      0.70      0.82        10
           A       0.88      0.70      0.78        10
           B       0.91      1.00      0.95        10
           C       0.42      0.80      0.55        10
           D       0.53      1.00      0.69        10
           E       0.75      0.90      0.82        10
           F       0.56      0.90      0.69        10
           G       1.00      0.70      0.82        10
           H       0.83      1.00      0.91        10
           I       0.15      0.20      0.17        10
           J       0.67      0.80      0.73        10
           K       0.67      0.60      0.63        10
           L       0.90      0.90      0.90        10
           M       0.42      0.80      0.55        10
           N       0.90      0.90      0.90        10
           O       0.19      0.30      0.23        10
           P       0.75      0.60      0.67        10
           Q       0.73      0.80      0.76        10
           R       0.69      0.90      0.78        10
           S       0.36      0.90      0.51        10
           T       1.00      0.90      0.95        10
           U       0.47      0.80      0.59        10
           V       0.41      0.70      0.52        10
           W       0.54      0.70      0.61        10
           X       0.40      0.20      0.27        10
           Y       0.40      0.40      0.40        10
           Z       0.75      0.90      0.82        10

    accuracy                           0.63       620
   macro avg       0.63      0.63      0.60       620
weighted avg       0.63      0.63      0.60       620
