              precision    recall  f1-score   support

           0       0.11      0.10      0.11        10
           1       0.40      0.20      0.27        10
           2       0.33      0.20      0.25        10
           3       0.47      0.80      0.59        10
           4       0.75      0.60      0.67        10
           5       0.25      0.10      0.14        10
           6       0.56      0.50      0.53        10
           7       0.56      0.90      0.69        10
           8       0.38      0.30      0.33        10
           9       0.57      0.40      0.47        10
           a       0.50      0.60      0.55        10
           b       0.60      0.60      0.60        10
           c       0.00      0.00      0.00        10
           d       0.45      0.50      0.48        10
           e       0.54      0.70      0.61        10
           f       0.62      0.80      0.70        10
           g       0.30      0.30      0.30        10
           h       0.25      0.30      0.27        10
           i       0.88      0.70      0.78        10
           j       0.44      0.80      0.57        10
           k       0.33      0.20      0.25        10
           l       0.25      0.50      0.33        10
           m       0.43      0.60      0.50        10
           n       0.67      0.40      0.50        10
           o       0.31      0.50      0.38        10
           p       0.57      0.80      0.67        10
           q       0.00      0.00      0.00        10
           r       0.55      0.60      0.57        10
           s       0.00      0.00      0.00        10
           t       0.54      0.70      0.61        10
           u       0.31      0.40      0.35        10
           v       0.44      0.40      0.42        10
           w       0.43      0.30      0.35        10
           x       0.31      0.50      0.38        10
           y       0.80      0.40      0.53        10
           z       0.40      0.20      0.27        10
           A       0.80      0.40      0.53        10
           B       1.00      0.60      0.75        10
           C       0.36      0.80      0.50        10
           D       0.45      0.50      0.48        10
           E       0.50      0.20      0.29        10
           F       0.75      0.30      0.43        10
           G       0.38      0.50      0.43        10
           H       0.43      0.30      0.35        10
           I       0.00      0.00      0.00        10
           J       0.38      0.30      0.33        10
           K       0.27      0.60      0.37        10
           L       0.57      0.80      0.67        10
           M       0.38      0.30      0.33        10
           N       0.45      0.50      0.48        10
           O       0.22      0.20      0.21        10
           P       0.78      0.70      0.74        10
           Q       0.44      0.40      0.42        10
           R       0.40      0.20      0.27        10
           S       0.29      0.60      0.39        10
           T       1.00      0.50      0.67        10
           U       0.21      0.30      0.25        10
           V       0.80      0.40      0.53        10
           W       0.50      0.70      0.58        10
           X       0.33      0.20      0.25        10
           Y       0.78      0.70      0.74        10
           Z       0.46      0.60      0.52        10

    accuracy                           0.44       620
   macro avg       0.46      0.44      0.43       620
weighted avg       0.46      0.44      0.43       620